[gd_scene load_steps=9 format=2]

[ext_resource path="res://scenes/ghoul_assembly/Ghoul Assembly.tscn" type="PackedScene" id=1]
[ext_resource path="res://scenes/ground/Ground.tscn" type="PackedScene" id=2]
[ext_resource path="res://scenes/part_delivery/PartDelivery.tscn" type="PackedScene" id=3]
[ext_resource path="res://scenes/combat/combat.tscn" type="PackedScene" id=4]
[ext_resource path="res://scenes/Decorative/AssemblyDecorations.tscn" type="PackedScene" id=5]
[ext_resource path="res://scenes/GameStateManagerFactoryServiceProvider.gd" type="Script" id=6]
[ext_resource path="res://scenes/Camera.gd" type="Script" id=7]
[ext_resource path="res://game_over.png" type="Texture" id=8]

[node name="Main" type="Spatial"]

[node name="Camera" type="Camera" parent="."]
transform = Transform( -3.78552e-08, 0.5, -0.866025, 2.18557e-08, 0.866025, 0.5, 1, 1.95399e-14, -4.37114e-08, -33.0352, 11.2092, 13.053 )
far = 1077.0
script = ExtResource( 7 )
fight_pos_path = NodePath("../camera_fight_target")

[node name="Ground" parent="." instance=ExtResource( 2 )]

[node name="Ghoul Assembly" parent="." instance=ExtResource( 1 )]
transform = Transform( -1.62921e-07, 0, -1, 0, 1, 0, 1, 0, -1.62921e-07, -20.007, 0.1, 12.998 )
combatPath = NodePath("../CombatScene")

[node name="PartDelivery" parent="." instance=ExtResource( 3 )]
ghoulAssemblyPath = NodePath("../Ghoul Assembly")

[node name="CombatScene" parent="." instance=ExtResource( 4 )]
transform = Transform( 1, 0, 0, 0, 1, 0, 0, 0, 1, 0, 0, 48 )
assemblyPath = NodePath("../Ghoul Assembly")

[node name="AssemblyDecorations" parent="." instance=ExtResource( 5 )]

[node name="GameStateManagerFactoryServiceProvider" type="Spatial" parent="."]
script = ExtResource( 6 )

[node name="camera_fight_target" type="Spatial" parent="."]
transform = Transform( -1.62921e-07, 0.34202, -0.939693, 0, 0.939693, 0.34202, 1, 5.57222e-08, -1.53095e-07, -31.9886, 18.3176, 22.5333 )

[node name="camera_fight_target2" type="Spatial" parent="."]
transform = Transform( -1.62921e-07, 0.34202, -0.939693, 0, 0.939693, 0.34202, 1, 5.57222e-08, -1.53095e-07, -31.9886, 24.9668, 36.6855 )

[node name="GameOverText" type="TextureRect" parent="."]
visible = false
anchor_left = 0.5
anchor_top = 0.5
anchor_right = 0.5
anchor_bottom = 0.5
margin_left = -597.0
margin_top = -75.5
margin_right = 597.0
margin_bottom = 75.5
texture = ExtResource( 8 )
__meta__ = {
"_edit_use_anchors_": false
}
